Replica  State  Lambda Lambda1 Lambda2 Alpha U0 W0coeff Temperature Status  Cycle 
     0       0  0.00 0.00 0.00 0.00 0.00 0.00 300     W      2 
     1       1   0.05  0.05  0.05  0.00  0.00  0.00 300     W      2 
     2       2   0.10  0.10  0.10  0.00  0.00  0.00 300     W      2 
     3       3   0.15  0.15  0.15  0.00  0.00  0.00 300     W      1 
     4       4   0.20  0.20  0.20  0.00  0.00  0.00 300     W      1 
     5       5   0.25  0.25  0.25  0.00  0.00  0.00 300     W      1 
     6       6   0.30  0.30  0.30  0.00  0.00  0.00 300     W      1 
     7       7   0.35  0.35  0.35  0.00  0.00  0.00 300     W      1 
     8       8   0.40  0.40  0.40  0.00  0.00  0.00 300     W      1 
     9       9   0.45  0.45  0.45  0.00  0.00  0.00 300     W      1 
    10      10   0.50  0.50  0.50  0.00  0.00  0.00 300     W      1 
Running = 0
Waiting = 11
